4803102495868403
4786995167572000
4134022819012803
4803102495868403
4786995167572000
4134022819012803
4803102495868403
4786995167572000
4134022819012803
4803102495868403
4786995167572000
4134022819012803
4803102495868403
4786995167572000
4134022819012803
4803102495868403
4786995167572000
4134022819012803
4803102495868403
4786995167572000
4134022819012803
4803102495868403
4786995167572000
4134022819012803
4803102495868403
4786995167572000
4134022819012803
4803102495868403
4786995167572000
4134022819012803
